$ 1 0.000005 9.78399845368213 37 5 50 5e-11
R -192 336 -256 336 1 2 100 2.5 2.5 0 0.5
156 -176 176 -128 176 0 5
156 16 176 80 176 0 5
156 208 176 224 176 0 0
w -176 208 -192 208 0
w -192 208 -192 336 0
w 16 208 0 208 0
w 0 208 0 336 0
w 0 336 -192 336 0
w 208 208 192 208 0
w 192 208 192 336 0
w 192 336 0 336 0
w 208 240 208 272 0
w 304 240 320 240 0
w 320 240 320 144 0
w 320 144 208 144 0
w 208 144 208 176 0
w 304 176 304 272 0
w 304 272 208 272 0
w 304 176 336 176 0
150 112 112 16 112 0 2 0 5
w 112 240 128 240 0
w 128 240 128 128 0
w 128 128 112 128 0
w 336 176 336 96 0
w 336 96 112 96 0
w 16 112 16 176 0
150 112 32 16 32 0 2 0 5
w 112 176 160 176 0
w 160 176 160 48 0
w 160 48 112 48 0
w 336 96 336 16 0
w 336 16 112 16 0
w 16 240 -16 240 0
w -16 240 -16 32 0
w -16 32 16 32 0
w -16 32 -176 32 0
w -176 32 -176 176 0
w -176 32 -208 32 0
w -208 32 -208 240 0
w -208 240 -176 240 0
M -80 176 -64 160 0 2.5
M 160 176 176 160 0 2.5
M 336 176 352 160 0 2.5
157 976 16 1104 16 0 7 0 0
197 848 16 912 16 0
w 976 144 1040 144 0
w 976 176 1072 176 0
w 1072 176 1072 144 0
w 976 208 1104 208 0
w 1104 208 1104 144 0
w 1440 208 1440 144 0
w 1312 208 1440 208 0
w 1408 176 1408 144 0
w 1312 176 1408 176 0
w 1312 144 1376 144 0
197 1184 16 1248 16 0
157 1312 16 1440 16 0 7 0 0
w -80 240 -80 400 0
w -80 176 -64 176 0
w -64 176 -64 432 0
w -80 400 400 400 0
w -64 432 400 432 0
w 128 240 128 464 0
w 128 464 400 464 0
w 160 176 160 496 0
w 160 496 448 496 0
w 320 240 320 528 0
w 320 528 400 528 0
w 336 176 336 560 0
w 336 560 400 560 0
x 379 394 400 397 6 16 Q2
x 379 427 400 430 4 16 Q2
x 379 489 400 492 4 16 Q1
x 380 459 401 462 6 16 Q1
x 379 554 400 557 4 16 Q0
x 379 521 400 524 6 16 Q0
152 608 432 720 432 0 2 5 5
150 496 496 608 496 0 2 5 5
150 496 416 608 416 0 2 0 5
w 400 432 464 432 0
w 496 432 496 480 0
w 400 528 496 528 0
w 496 528 496 512 0
w 400 464 480 464 0
w 480 464 480 400 0
w 480 400 496 400 0
w 608 448 608 496 0
w 848 112 736 112 0
w 736 112 736 432 0
w 720 432 736 432 0
150 496 592 608 592 0 3 0 5
w 608 592 768 592 0
w 768 592 768 80 0
w 768 80 848 80 0
w 464 432 464 576 0
w 464 576 496 576 0
w 448 496 448 592 0
w 448 592 496 592 0
w 400 560 432 560 0
w 432 560 432 608 0
w 432 608 496 608 0
w 496 432 464 432 0
w 432 608 432 640 0
w 432 640 1184 640 0
w 1184 640 1184 112 0
150 496 704 608 704 0 3 0 5
x 519 383 578 386 4 16 Q2\s.\sQ1'
x 518 465 577 468 4 16 Q2\s.\sQ0'
x 501 558 591 561 4 16 Q2\s.\sQ1\s.\sQ0
x 497 668 593 671 4 16 Q2'\s.\sQ1'\s.\sQ0
x 497 764 593 767 4 16 Q2'\s.\sQ1\s.\sQ0'
150 496 800 608 800 0 3 0 5
x 497 860 593 863 4 16 Q2\s.\sQ1'\s.\sQ0'
150 496 896 608 896 0 3 0 5
150 496 1184 608 1184 0 3 5 5
x 497 1148 590 1151 4 16 Q2\s.\sQ1\s.\sQ0'
150 496 1088 608 1088 0 3 0 5
x 497 1052 590 1055 4 16 Q2'\s.\sQ1\s.\sQ0
x 497 956 590 959 4 16 Q2\s.\sQ1'\s.\sQ0
150 496 992 608 992 0 3 0 5
w 400 400 416 400 0
w 416 400 416 688 0
w 416 688 496 688 0
w 416 688 416 784 0
w 416 784 496 784 0
w 496 1072 416 1072 0
w 416 1072 416 784 0
w 400 464 400 704 0
w 400 704 496 704 0
w 496 896 400 896 0
w 400 896 400 704 0
w 448 592 448 800 0
w 448 800 496 800 0
w 448 800 448 992 0
w 400 992 496 992 0
w 448 992 448 1088 0
w 448 1088 496 1088 0
w 448 1088 448 1184 0
w 448 1184 496 1184 0
w 400 432 368 432 0
w 368 432 368 880 0
w 368 880 496 880 0
w 496 1168 368 1168 0
w 368 1168 368 880 0
w 368 880 368 976 0
w 368 976 496 976 0
w 336 560 336 720 0
w 336 720 496 720 0
w 496 1008 336 1008 0
w 336 1008 336 720 0
w 496 1104 336 1104 0
w 336 1104 336 1008 0
w 320 528 320 816 0
w 320 816 496 816 0
w 496 912 320 912 0
w 320 912 320 816 0
w 496 1200 320 1200 0
w 320 1200 320 912 0
152 832 704 944 704 0 3 0 5
152 832 816 944 816 0 2 0 5
152 832 912 944 912 0 2 5 5
w 832 688 608 688 0
w 608 688 608 704 0
w 832 704 624 704 0
w 624 704 624 800 0
w 624 800 608 800 0
w 832 720 640 720 0
w 640 720 640 896 0
w 640 896 608 896 0
w 624 800 832 800 0
w 832 832 656 832 0
w 656 832 656 992 0
w 656 992 608 992 0
w 832 896 672 896 0
w 672 896 672 1088 0
w 672 1088 608 1088 0
w 832 928 688 928 0
w 688 928 688 1184 0
w 688 1184 608 1184 0
w 1184 80 1136 80 0
w 1136 80 1136 704 0
w 1136 704 944 704 0
w 1184 48 1152 48 0
w 1152 48 1152 816 0
w 1152 816 944 816 0
w 944 912 1168 912 0
w 1168 912 1168 464 0
w 1184 16 1168 16 0
w 1168 16 1168 464 0
w 400 992 400 896 0
o 0 64 0 4103 5 0.00009765625 0 2 0 3 CLK
o 41 64 0 4103 5 0.1 0 1 Q2
o 42 64 0 4103 5 0.1 0 1 Q1
o 43 64 0 4103 5 0.1 0 1 Q0